7287
840
3106
5120
9148
752
1445
8539
4521
4915
6426
8961
3587
2867
4830
3449
2956
4746
57
4440
5142
5868
2138
2455
9324
3585
7652
7065
1788
4518
4635
4943
718
5111
8666
3715
636
8409
8628
6527
2365
8520
2733
2477
5005
6918
6743
2910
2176
2155
9440
946
966
1968
3399
4193
2233
1240
8557
549
5809
8013
568
92
7131
3181
7177
2287
396
2742
2823
9502
3590
8776
4173
5156
9349
1540
8857
7699
2049
6324
7826
5830
7851
5178
4567
1624
2525
5486
4227
2388
4574
9842
6959
8483
2316
9554
7731
6896
2218
7366
2430
8268
4677
1663
7335
2674
6451
9733
4872
8566
9229
3525
1196
5603
1442
9586
1375
868
5712
9794
8449
3970
5252
5039
2142
2911
9100
5769
8627
6032
1973
6187
5088
6333
3810
9923
4741
9245
5045
7754
773
7401
2633
4783
7372
2504
1925
6442
5637
6608
2485
8336
2473
560
5404
714
3685
4149
9186
419
642
986
8881
1032
1562
7076
7501
5251
6488
6438
746
4941
5968
2295
1330
6550
6334
4374
7026
9803
7903
4471
1532
3468
2314
9655
8889
2683
2431
550
4850
7268
956
2219
3043
3482
1341
6660
9742
4348
4188
7779
7687
5684
1494
805
4890
4321
5561
219
5455
5153
6170
5958
1502
4953
8654
9087
6023
870
5011
6134
2746
2637
4579
7247
2865
7947
5582
6484
1296
5396
4453
7542
8102
7730
788
5283
6152
8936
7068
1508
3672
7276
2245
2016
1734
5697
8161
1002
3809
5055
1447
5244
2199
5433
7555
496
3842
6870
9931
8002
6887
7246
1668
9886
7369
2651
5638
3087
7421
8967
4328
9416
6766
1574
1859
192
3356
9189
9121
9055
4270
1872
7703
7872
252
5860
8516
6552
7521
2902
8883
6952
9377
794
7847
9271
2225
5706
3811
5734
7957
8014
3542
2803
9550
362
5001
2439
2765
4147
6496
1661
3855
7487
8021
9082
5188
8731
8643
4556
2946
762
739
8155
5889
4494
8453
408
433
2115
4924
4733
3147
2827
9699
552
9252
7107
7950
6859
5980
3926
5342
3038
2209
4236
9200
4500
1239
9037
1754
3133
9310
7357
5708
3361
4519
4727
1425
6613
7927
9367
7855
2506
7982
137
6967
4784
9046
6141
8890
4109
3819
5367
537
9672
3203
8909
3591
1148
7816
4508
2271
880
5944
902
22
607
3062
5793
2727
1006
4398
235
2780
4377
7035
5424
765
8106
8428
2109
3442
9286
4900
6923
8709
3843
9323
7669
2607
9850
3418
9830
1444
6577
8
4573
564
484
1355
7549
3051
4407
9968
6532
9963
9917
5971
2224
2776
4410
999
3618
220
924
1321
3929
3459
4598
1227
5335
6827
9878
109
2291
728
1987
3010
5615
4484
2280
4846
1793
415
9096
6482
5870
2954
392
316
4617
6640
6677
6884
4992
9404
7309
3628
8025
4125
7607
5715
3995
9431
2145
3406
8501
9745
5000
712
5503
8464
8980
354
7760
2611
8787
4871
9546
996
601
5200
1421
5645
2928
2871
7102
8595
5234
3414
4353
6346
2947
4602
9359
4363
7610
2748
6846
9292
3205
6003
1926
254
1251
3225
4311
4578
6874
6767
4234
7757
3501
2170
3024
3170
7480
536
3457
2422
8939
1770
51
4023
5385
279
8233
6417
6997
6437
3957
1896
7535
2904
7294
1652
4891
5210
7585
3950
5183
1748
3033
7805
3767
8861
1961
1280
7972
9906
4339
7856
6267
5515
1776
4656
228
1278
3046
9412
7127
5209
4124
3701
9558
9837
9417
3119
5410
8094
9677
6682
6424
209
8197
9514
6188
8548
1994
6737
9270
1851
460
4250
5903
3732
1666
3053
1595
1364
2350
9678
3453
4361
1236
1304
8565
2261
2934
7764
7284
7392
4058
8760
5644
2493
5774
7772
3917
9880
3518
9610
6229
6312
1145
1967
4764
3141
5979
6034
2311
5806
7281
6943
227
1009
9053
6857
8340
1570
7609
5586
6942
6059
469
422
18
3078
4974
5269
1942
3689
4922
3454
6556
9340
9748
2639
4951
5888
6687
2012
5180
3583
3530
5192
5656
4356
2606
8723
7134
4257
3766
950
6465
342
4073
9453
2753
3316
2147
9752
5747
8062
4845
8325
7142
7970
9784
224
2310
5880
8764
7750
8988
2524
3359
520
2948
4094
431
1708
3434
7894
7484
9113
7232
2687
8532
8952
5423
1807
7479
8622
635
622
7236
2436
4675
5507
9162
5391
4958
9622
4146
4450
9482
7229
208
5511
1691
4259
5456
6441
1154
1681
7595
7186
1294
2337
1801
1591
4759
6800
9380
501
200
5196
3642
7157
4350
6929
9460
5155
1790
9450
9625
8763
5906
2542
2628
5938
4673
8179
8925
3320
2396
8463
7974
6881
9129
5103
1525
141
333
7627
7914
4292
102
1072
8569
3188
1186
6287
5164
7614
1710
5319
4996
7275
5612
2266
2260
2671
7966
4550
9374
1785
6680
6626
1299
6668
2521
4445
1122
1287
341
807
478
9824
6340
9892
6054
7409
8630
1672
5255
9980
8018
1183
2772
428
8744
5812
6728
3098
8970
7007
7787
5698
2919
825
2167
7402
9397
7782
898
7815
7496
448
3385
8168
8500
1091
845
9459
2372
9215
4103
638
2548
5926
7118
1424
1266
373
291
4599
1521
7643
1333
2304
7713
1763
4104
8335
8846
5119
5493
7154
131
3139
8479
3981
3632
2171
5472
881
5630
557
9658
1156
9674
161
9736
5901
9253
4061
8218
1311
5261
8383
1176
4464
7477
7455
3304
1698
7700
677
8533
5239
5919
9235
157
5896
4403
1057
9433
1077
5946
7817
6222
2567
1677
5560
5474
4530
4491
3357
9045
6022
5791
7983
2852
9641
5489
8040
7494
350
534
2077
8706
1046
854
3785
8989
3215
7653
3813
7400
1201
8019
1843
5981
4035
6501
3991
4091
5616
2007
8755
2498
8866
2010
6594
9722
2660
6091
7723
193
1132
990
2113
3456
9962
4562
4235
551
8229
9291
5908
4117
3946
1587
6283
3586
3934
4378
5022
8380
385
9086
1482
9196
8871
4514
4203
4986
1484
4859
8164
1106
4229
4142
4129
1020
447
8677
7391
3223
2297
5017
36
3220
7266
3557
3475
8732
7588
3661
6688
4655
5295
6697
1780
9075
9973
6995
9521
2970
9398
9197
7759
1739
8958
7046
4864
1511
5462
3563
6139
5887
1797
3902
179
3535
981
5947
3180
3150
9334
947
2318
8210
4658
8031
8008
3338
4503
6802
1822
9681
84
1634
1455
5228
6114
7324
2701
7301
5399
1584
8007
6040
9985
3002
1564
632
5195
4993
5177
559
5964
8769
1207
3224
3626
869
8254
5163
5523
2378
8142
4532
1690
9413
5823
3654
3796
8492
1594
164
2500
6512
4686
3186
4443
9060
2190
6332
3177
2437
2381
8911
5038
5597
7518
8887
2786
3013
5653
7389
1571
1019
5360
5009
2684
9568
6039
3707
3167
317
2968
4066
3537
259
3849
6449
4510
717
9178
9157
1099
9927
3735
9152
5260
2403
323
8863
5952
687
6362
2916
7689
4189
883
203
7683
2853
2912
43
1195
9513
4623
2812
8573
2715
8873
1075
543
35
48
5652
9605
9332
9565
9249
5663
8437
2125
7413
2071
6166
2111
126
1166
1433
7201
4045
3752
5795
1074
2483
5550
5289
5558
4647
7189
6607
3943
7483
5068
7290
5229
5340
3830
9352
5866
8499
1471
6559
3873
308
8098
4145
8228
4420
5285
367
2821
5235
1580
326
2416
9843
6173
3477
3221
6150
8010
4537
6001
9670
3984
8202
3852
930
9503
4256
9755
7710
5953
6418
3694
1728
4295
2891
713
5920
814
9134
6583
9301
7009
7811
2645
1529
7866
2670
6806
9173
508
5098
9474
6466
201
6686
3827
401
3574
8112
466
3663
8391
5400
4101
6385
8026
6712
7256
4161
7495
9505
8241
4674
4435
7498
9821
42
8576
5748
3698
6968
1980
8618
2067
3684
4415
5240
1001
1499
4904
3613
8367
5695
3107
7311
8828
8402
1876
4998
108
88
2843
9822
2744
8491
245
6000
9210
2892
7762
2944
6464
3758
4400
4290
2983
8165
2593
1213
1753
640
1232
9595
7099
9532
7447
2788
4693
4946
1274
9651
5450
7981
7956
9918
8316
9522
8621
6083
4406
628
8372
1701
3802
6689
8816
979
2463
2221
8509
7147
9026
94
7556
7863
6729
7711
8906
7476
6201
8778
3952
4165
7616
4738
3692
3985
6276
1552
7385
8555
4862
7657
5665
8077
3117
4835
4824
4834
8830
3877
2029
8294
5717
285
4848
2734
8680
7114
3980
9000
8203
4641
2693
1556
938
2364
6373
1000
6447
9049
107
5136
985
7590
3696
2526
9787
8688
9870
3191
7034
1875
4083
7270
6024
3690
9903
4867
3759
1844
3040
5108
7500
5249
573
4244
3309
4772
1510
7685
1429
6695
2065
8217
9698
2688
9914
797
4264
8631
9575
2465
1373
7519
26
612
9263
263
2098
5529
6130
8321
3285
586
147
8753
8000
1498
5886
2475
5356
1496
835
1112
5737
9666
2963
1956
548
9267
3639
1984
1902
5143
1662
7958
7422
702
8085
759
3913
1854
7346
5555
2552
8280
4978
7047
7783
8086
4207
5217
6317
9090
8171
1314
5564
9169
4239
7307
8574
6410
2764
5843
3448
5602
8288
9935
3219
8831
9507
753
8923
6593
3782
1913
2940
2717
4910
127
9147
5532
827
5696
123
9774
5202
7550
5943
524
5280
1146
2795
8347
1940
2534
7827
5132
6599
5002
9237
5826
1509
1915
6966
5900
6191
8862
4429
9183
3717
91
9896
4613
4391
4736
339
585
3731
6296
4875
6554
3836
5626
7878
4780
3700
7733
1548
8139
3726
4898
7327
6108
8082
9873
60
4977
1965
9191
5257
3293
5131
6519
7120
3519
2851
6046
988
5745
5201
4115
6901
5281
7153
9120
7566
6400
8825
8916
4637
7160
1637
2640
7050
8664
357
9515
3330
3032
7207
461
3806
3964
3866
8789
6368
9579
4233
8538
7105
5991
8338
6288
8855
2044
2881
2196
1802
2678
7143
281
8540
9144
3067
3044
9234
8024
3547
936
9818
3875
2752
7039
6578
3295
4418
8406
7129
4749
3377
4021
4341
2390
2685
1627
9574
1141
8724
4839
9538
3332
6425
6258
5910
7668
4523
9098
2545
6414
5591
8222
500
5857
4615
1743
7577
4280
5945
780
9225
629
6883
9430
9116
617
3202
6907
9211
171
6524
4916
7337
7296
610
1194
8777
7803
1635
555
7512
8001
7828
1348
531
6388
6364
5544
9692
6672
7637
70
3446
5798
3005
9523
1786
4075
3290
7469
6890
4526
2151
262
1736
4572
3848
7227
4808
1615
7865
3466
5092
6916
8435
206
7944
2282
6930
4005
8498
8675
4841
3
8286
1628
3748
1566
8832
9041
5305
9141
1371
6105
9181
8183
2789
1867
7527
2376
9050
5704
5409
3664
9750
9542
2691
2371
3077
248
3556
2523
8360
2585
7846
8430
8440
8209
2062
3723
4569
369
1976
4252
8558
8645
7591
3683
6836
424
7288
1092
953
2847
7808
3833
1178
4228
2093
8650
3668
9002
3049
9566
1199
852
4775
2355
3887
6218
8784
1485
3915
700
2256
24
2018
5726
1273
83
1583
6226
5736
8090
9346
2380
8188
8950
6511
2205
7654
5046
77
4626
8476
3956
4462
4092
6246
9327
5909
4902
1254
5350
5548
4096
7013
8899
2571
1420
6178
6068
9025
3114
1539
4412
4343
7338
5073
5711
7622
6533
6847
6910
6939
3510
9180
2354
2206
2702
8985
9124
4355
6395
7282
7690
230
6576
8992
8773
5743
8342
4909
9874
1481
8073
3409
3478
9544
4176
2976
4796
5849
3738
9766
1995
8125
1345
8750
5268
7651
5394
8505
8417
2801
1480
7254
8395
6446
707
8055
7091
8354
1231
3622
9426
583
8919
9326
3499
2356
2915
3736
3227
6586
8319
7859
2624
6435
7096
6758
6316
6783
2032
2884
2108
7739
3669
5370
7167
3054
6796
5859
6120
2860
2830
1588
1078
1952
3768
1285
2825
1664
9119
4373
8896
2462
4060
7812
4887
6455
1596
4760
16
9174
509
4041
4745
3375
9167
3464
2894
8780
3826
5113
6018
1573
5635
7503
6845
2400
6089
244
4781
4287
6138
9395
5253
1651
8641
8255
1841
8613
1665
4151
7215
670
6096
6841
1436
7453
8550
1169
6718
9115
6371
5619
5042
3686
1604
9214
9627
3101
300
5894
9706
2351
9639
2344
3601
8329
3959
7594
8956
4786
4185
9696
8634
416
7150
7584
6100
3274
4370
3349
2182
6600
7109
8027
6265
5643
3296
5432
6142
4789
8800
7097
2411
9891
9680
3599
4650
7057
856
1153
9740
1133
1849
2087
6477
528
2160
3362
5998
6193
3801
3366
2955
9589
7876
9238
9665
5299
678
2406
7877
1495
7350
8369
7465
6898
9399
9454
7478
2661
1365
5865
6544
7460
5262
39
1906
6984
3904
95
5783
6906
4739
6004
5306
9298
8244
7231
9653
8647
8644
8427
1088
1416
7886
3009
3823
8515
1870
4720
8748
2349
1809
336
5594
6439
2191
9865
6601
7605
2453
6154
9583
6430
933
9047
139
8671
7612
5729
5607
9501
7384
6605
4688
8177
8389
1116
7292
831
9900
6469
7933
3974
8003
6562
7371
124
8211
2141
8592
8814
4698
2991
6492
5457
4806
7094
1827
3405
8318
8617
7257
5434
9080
8438
3638
2719
2189
5307
5784
2721
4818
5752
68
648
6297
4382
4853
488
1097
4568
4960
216
4331
8924
325
4276
9383
7533
1523
4351
9452
6392
4629
7987
1501
8845
8246
848
1401
3415
190
2081
1945
4552
7226
9975
4708
6219
4020
7849
2080
3216
7922
8258
5141
5662
1283
1151
6946
2807
5231
804
7842
9744
6005
1527
8124
8201
1990
4994
9717
618
7406
9805
2932
9424
1642
8700
7728
4308
6284
3230
5789
922
1694
6834
8938
2442
9509
9078
7312
4752
4168
2555
9240
90
3883
5364
701
5106
9316
8126
3734
7965
7562
9084
1071
6621
1329
987
3923
5808
2043
6159
8227
2048
9844
9376
9588
2362
8052
7249
740
3194
6459
3124
7850
3208
3284
3740
3236
2034
8091
7695
8683
1054
570
4901
1067
6146
1360
9494
2969
495
1937
782
8474
6595
9734
5363
7715
1897
9382
3820
3491
2036
3103
4932
5875
6027
7339
6629
4535
850
2574
8625
7985
3828
2112
5310
2984
7210
2047
1427
8894
6534
2777
1638
1111
5334
1731
3455
5948
5288
3125
6797
1295
1461
1688
4366
3271
8152
1309
7978
745
1656
6830
8960
6185
6610
7333
4973
811
7776
5994
5485
578
8674
1894
1426
2690
5779
4009
6295
6411
487
8536
2528
2298
9362
7509
3635
1921
897
5842
2942
591
4038
8239
3398
7647
7718
9297
1799
8611
6156
1159
6969
5534
9772
8686
2650
5465
3461
4718
9618
3968
6014
5495
3558
7063
5270
6335
7159
4354
515
4795
7858
2967
9481
3814
4196
1503
8129
8032
1066
7945
1320
2927
1593
3485
335
7592
6877
1462
5053
6182
6657
1905
705
1406
5427
4956
9976
4653
3264
2878
5965
7430
1817
6597
943
6360
9468
1908
763
3388
1683
2965
6383
7368
582
1924
8009
4856
5405
9336
1323
3687
8659
6819
1396
7569
5246
9856
4878
1693
5048
229
6321
3201
6318
691
1439
5218
7681
8785
8020
5834
6235
1977
7843
4731
8066
9947
9626
5580
7673
5383
9922
843
1349
6325
8693
6826
1428
3545
5291
9816
449
3286
4640
9388
2914
9619
3682
504
737
5735
6714
7663
2815
1157
600
1060
8994
5056
8175
7485
646
1158
9489
8556
5673
3576
4344
9296
1386
427
3065
4211
4687
6158
6868
2536
8295
3889
3939
1270
3521
3969
1816
8039
7726
7135
3578
331
2584
3513
9762
9219
767
9593
5613
4402
7435
2130
41
7520
4624
377
4384
4097
2198
4202
4619
5553
2398
7786
6523
5895
9439
1050
7675
3068
2604
7471
4490
6232
2589
574
3093
4024
3492
6356
9198
6254
6087
4154
4709
8697
3384
544
7242
9043
7603
2745
4274
1237
7784
7083
3512
2247
6756
5538
8537
2451
1173
404
7318
6094
2616
3393
9543
9455
1212
2568
3891
155
7380
8667
5498
197
8455
8057
9602
764
5175
6521
9485
3355
1162
6542
6849
6661
5727
7103
2649
5064
3157
4157
6347
7033
5021
8953
3447
3803
921
7122
9617
6709
8986
3381
2322
7672
4999
3207
4646
2184
9091
4740
1561
686
5422
891
9289
8366
3325
338
8470
8812
8432
6678
9684
7472
2623
307
1422
9400
818
8289
8689
1395
239
7491
9202
7074
1966
8114
6789
786
6725
5600
5144
1367
2729
696
8038
2162
1135
4223
391
9103
4015
6037
446
565
6056
5159
1692
9832
6306
9111
8860
3657
697
9392
3085
2003
1368
2663
1535
2582
1767
679
2143
6421
8251
1886
7688
4010
1855
5172
8333
2749
7789
5368
5361
8350
5118
3291
2039
3997
6378
4495
9958
9702
6803
541
5992
5519
2898
3507
5905
5963
5167
9353
7085
1969
6051
1791
8549
965
3793
7121
6647
3244
8827
8364
6785
5709
8746
7234
9158
8312
738
53
8477
2214
5786
2655
6961
8751
2323
8215
4787
4983
8801
2017
7364
4327
9826
7437
1944
8160
9179
6801
5397
3602
7325
6399
1911
9773
9423
5819
2073
6721
380
352
692
5128
8542
9552
2131
658
3146
7729
1779
9738
2070
9676
982
1338
6752
1804
2255
6401
2321
133
9108
38
5940
1086
6919
6782
8898
2117
6750
9407
9573
8872
9701
8765
1722
8904
7674
6177
7045
253
4800
2229
2019
1545
6047
3490
454
7967
5165
8425
4820
9599
4013
6292
2737
3533
3577
402
8441
1706
4723
3473
7644
6529
9365
3652
9882
6427
4972
3620
1248
6816
5646
7909
9171
5838
6262
8599
1747
3794
9500
5540
4945
964
4317
9716
9217
1171
6822
592
2792
204
5366
6528
6653
9356
9863
5588
6694
4283
241
6199
6116
584
8361
4592
5521
7170
1123
5026
3606
4177
4817
7149
8208
3131
1835
2839
3643
491
4433
2495
366
9205
3840
9201
4489
3481
8287
9117
9946
4971
2300
7813
5066
7694
5877
957
5215
8903
9013
7395
9065
9781
5204
98
4434
10000
3844
4643
6546
3938
2120
7696
7714
7901
6174
2312
2335
5258
778
1356
7470
5862
4597
9470
4724
4069
6035
4584
2862
356
4246
7174
7187
8109
1626
2412
7834
7572
6949
920
7806
4648
3770
1643
992
184
7561
8807
8767
894
64
3278
2510
952
2515
4608
1605
4479
3976
2738
6450
4232
5355
6748
3367
7481
4849
167
5384
5807
1093
3439
4144
2342
8603
6030
8060
9255
2279
6624
5371
3712
1144
7466
5535
7014
3209
984
1017
4365
5571
3807
4249
2464
3912
849
7989
8344
3294
919
2816
3056
7998
3070
1879
3825
5072
7514
661
5537
4881
3568
838
473
2594
8601
7930
7449
9613
931
9960
928
6982
2472
2694
9890
1096
4729
9415
9786
5846
4819
9109
9425
5874
8225
9506
3099
4838
9991
3462
8413
1399
7195
7575
5590
7136
9948
1983
4116
858
7664
9034
529
932
2359
5514
5702
5993
7137
3536
3435
5985
1200
4517
1244
2204
9368
6486
4791
3909
310
1758
5790
6009
6095
6675
7959
6779
3824
7345
2592
2123
6693
5435
6701
1881
5393
9068
9895
5677
2069
7531
1488
5568
6755
5855
5359
1103
8725
4565
9486
3311
4726
1914
5683
5788
3347
7517
2317
1815
694
8920
7330
1985
4055
5263
9036
5499
7442
4664
9993
2211
5151
32
3197
3433
5304
9093
1898
3198
6479
7620
3004
6817
2249
217
9137
9846
6575
4586
6256
400
709
5785
3838
1026
2394
8864
7244
5508
4549
9293
8935
3611
3789
3614
3314
9273
6124
4815
1042
6319
5161
1312
9278
3919
8530
6175
106
878
7493
6205
8148
1440
9011
3200
9447
7781
1729
4300
6443
5373
8984
3239
7691
3096
2619
927
5254
397
1454
9187
2929
4381
6198
1310
8605
9694
5929
6053
8243
7486
5034
6354
4141
682
1712
6698
2264
954
3387
8115
1639
7075
9753
1877
7474
3742
8513
1620
3667
567
4905
3646
4221
6043
8995
7010
760
8415
29
3581
1549
2989
5328
9949
6240
5845
6058
706
1449
8879
842
9640
9530
7897
7260
7990
1582
3996
2347
7804
3073
9227
9756
9016
6045
3153
7701
1477
8905
7883
6272
806
2319
9954
7881
3401
250
6603
8291
4084
5927
1174
6713
8256
1400
7505
7138
2673
2870
4369
1354
9266
1229
8518
2677
7125
9915
2819
4093
2723
50
3719
5079
9387
5608
3084
5037
644
3773
2348
8912
4216
5761
463
7381
1542
5245
3363
8274
330
2033
9142
4606
7233
9836
3897
128
8795
8895
3425
8079
784
2977
4275
9176
4277
145
1519
3936
2641
7438
6920
2708
2234
8817
9636
5324
9466
3195
8508
5975
8216
9732
346
2301
4770
7240
1068
3864
9006
8712
4654
1218
173
9623
7359
5707
9443
5930
5505
2761
7962
7056
2429
6548
159
2102
2284
6085
9644
4777
74
7507
3319
8088
9545
5820
8874
1715
3128
5060
2669
6203
8729
33
8806
5223
9827
8041
3737
6072
8717
5659
4957
2046
2941
1873
6151
1109
289
3532
4790
58
8385
6525
1220
2414
2157
7461
5666
7058
5482
8181
8646
8614
3391
1893
2054
3878
20
2492
4352
4907
2341
4923
9391
5236
2530
4107
1669
8178
9857
1621
6380
2900
4657
5160
4253
9798
4260
9933
2129
904
5770
6006
8877
7462
2996
1939
3342
4843
9402
3328
6050
1366
6061
8368
5330
3269
3413
2759
2666
4271
1205
7984
3605
9981
7649
8397
8570
82
2757
372
3617
464
5365
3305
882
2686
6169
3722
4306
1806
6029
8691
1538
5583
726
8277
1910
6684
3329
7308
7581
9028
9339
9788
6033
1997
2906
1262
4539
7124
6337
2026
7193
6386
4551
1912
851
7996
911
7349
6956
1528
398
4903
8224
8615
9448
5286
1590
6155
832
2953
4621
327
4852
4582
699
3336
1946
3138
7621
8626
482
3023
7073
3326
3412
5566
8048
3594
2626
2512
1756
5477
4062
1221
9499
348
8524
359
5187
6676
2586
5546
6217
2766
558
5241
7986
6081
8488
6606
5323
2357
8392
5086
383
6882
8235
2514
3476
9195
7516
2581
4964
9351
8629
9807
7306
1996
1347
3037
1999
4027
5746
7794
3383
7919
1907
5242
5152
5225
6744
9133
8262
1443
6768
8823
8353
5219
7319
6957
5150
3597
9631
6535
3059
1209
8848
6724
4048
4282
457
7178
8421
5742
2223
1473
4913
7680
1147
3162
8884
1058
7589
8101
1378
3761
8242
4554
5115
6727
9724
3592
3967
6567
9920
180
8180
6596
9432
1560
114
8604
4763
3151
8567
2331
611
6252
268
9083
8971
1412
8805
2842
7677
1555
4078
7727
3127
6979
1090
479
7365
2697
631
1288
3331
183
6538
6065
859
7341
8495
3047
9126
8619
3972
1252
7173
5232
9768
442
4855
8759
4769
8796
215
1233
6911
3408
4371
8587
4757
3250
9182
3441
9908
7119
7108
2470
9280
6972
812
6987
1393
3035
7024
9184
9726
2937
7078
5326
5138
9329
3003
119
6588
4493
8400
5815
2226
5714
2609
1648
5661
8987
31
2762
8535
2918
6515
474
2767
7126
2710
991
2522
360
493
8064
8120
5441
8962
910
1344
3323
7302
4379
5459
3394
1011
755
5325
7580
7980
5559
4670
8639
2195
3166
3069
1657
5800
9449
8143
8028
6196
2588
2868
1037
6537
6985
7948
4638
3544
445
146
7390
7820
7832
6572
9553
6633
1098
2543
9905
236
5318
6330
6499
5430
7722
1414
7751
6759
8252
5923
7446
2620
3303
8452
6696
8948
7920
2276
2174
3847
4813
7902
5331
6710
5694
614
9102
7044
1557
3697
4131
4482
1931
3753
9410
2302
5722
6731
3486
5313
5758
4742
4298
7419
6853
3879
154
7976
296
1264
7995
4452
7089
9285
1537
2527
3853
5169
8695
7220
9154
8793
443
234
4851
151
1084
4267
2014
1633
3210
4861
9881
594
8345
6757
6326
4416
7574
7708
3240
4636
2240
9609
4046
8185
3395
4700
6774
4376
6833
6293
5069
8865
5725
5563
4469
4169
4547
4776
5100
2950
7951
1589
6700
8107
9021
1404
140
4886
4478
980
2175
603
3306
6950
6855
1935
278
5309
93
8005
4925
8703
3931
9029
3839
9525
34
3327
7202
9731
4930
3890
9533
9944
5488
1105
8137
4870
4186
9571
1821
2274
5629
6376
6553
9776
790
1619
1848
7414
4682
4039
1300
6842
1800
2986
813
6200
489
8657
9879
3254
3121
5768
1938
6627
1702
9221
5362
3022
2850
9175
3986
715
3927
3713
4179
7397
5642
8514
4684
412
5801
5296
3489
8981
3041
3064
6604
426
413
2743
2962
5267
384
223
6197
4029
4911
113
6135
1866
6869
8071
3276
5541
6355
8484
3504
6659
8199
9360
2235
2826
5658
7031
5824
2682
143
916
9998
1709
8379
3595
3105
2499
7448
502
4019
5015
1631
4175
6307
7182
3865
1500
867
808
1279
4699
4320
2972
2460
2577
2561
7969
8374
8868
5321
8799
5388
9004
3924
9833
4513
9277
8151
4865
8023
6162
7468
5186
7767
9040
4962
2922
2185
5605
7248
542
1358
6445
2838
2116
1040
5672
3371
4278
675
885
6658
9250
4842
62
4217
3229
2180
824
4437
389
8134
2834
6106
30
8296
5302
669
6490
8690
4810
9246
9393
2392
9504
651
521
4538
3222
395
4991
9429
6781
8061
4422
1
3386
1317
1028
7777
8876
6564
2926
7825
6436
971
7774
8963
3245
5347
3136
5205
6708
6860
4642
8099
8692
6381
9244
4349
2208
6828
5395
2747
8253
1076
1369
8974
6726
5781
9442
6654
4917
8534
4761
1803
1895
7274
6894
2945
7848
5297
9801
6289
2763
5574
3540
4794
3982
5174
2369
5484
3025
176
727
4681
5622
5883
1704
9294
9682
3016
3137
8384
6374
7386
5481
8847
9435
7993
522
6266
6793
7646
1139
3344
9261
3118
9062
8977
5724
1746
4919
2901
5139
7451
7358
1202
8249
7059
6149
1978
9563
8790
1831
3212
4401
5127
6137
9477
3120
7235
7963
1752
507
6763
6070
1649
5035
2908
5099
6611
1955
6754
666
8636
9317
4050
1689
2605
1374
580
779
4304
6481
7946
6241
76
2714
4432
6711
5504
3279
8157
1035
7994
4191
1518
6406
8370
626
3015
7258
2339
9427
2805
7665
7155
758
8969
9135
8075
3432
8811
2187
6644
5595
7744
925
3895
655
4409
815
4944
8893
3358
3337
7719
4829
1128
5816
9697
2248
7051
3932
5387
1505
6042
7163
2330
2434
7861
5033
4423
6302
967
801
9974
9932
1328
5322
4209
942
7379
6973
1115
5036
8808
1713
5012
1890
5569
3645
3247
9690
6145
1056
4933
2413
7862
6786
855
9996
6494
6917
436
4671
3083
7278
4241
9820
1781
9166
1613
2427
5162
4967
111
218
299
9700
5899
1016
7537
4359
4268
210
249
9497
6251
2103
518
8375
9809
7613
9916
2153
1024
6396
2576
9390
8442
8403
4358
1487
417
7753
3881
7011
8416
1597
3001
5348
2844
9092
4296
2559
494
7300
3014
5912
527
2334
6861
5166
5584
1917
6228
2836
5076
6078
5893
1889
1048
103
6244
4630
4702
6315
9177
1607
1745
9952
7297
9491
8670
6740
8926
434
1687
3940
4220
3805
5357
1861
9667
7090
3708
85
4053
5023
9671
4302
2566
5444
6912
2188
2137
575
6057
2237
393
8976
6084
4715
4803
1960
6167
1674
3699
1005
86
9520
5699
7378
4809
497
6077
8620
7623
6352
4593
2327
7629
9333
3570
1716
9759
6637
9911
4666
2136
6837
777
4108
7916
4474
3867
7536
9044
5552
3354
909
6928
8283
1697
6016
511
1267
1143
1933
7273
7991
8858
1513
9598
970
662
175
2653
4880
3430
1962
5276
7515
1326
7128
5618
7323
6467
7893
5271
3815
7639
6926
5221
7961
9990
6428
1041
7326
320
2445
8714
319
8276
5754
7740
6210
2410
3232
8004
7724
6294
2806
4612
9938
4961
4031
4616
1331
8583
3874
8762
9032
9839
7852
8108
7682
3281
9661
722
6157
4457
7810
844
731
5516
1586
5273
4025
3273
6270
4254
4018
5104
8214
1052
4505
6202
9445
3410
1811
1120
9551
4070
9473
4680
1214
3300
6109
4541
2675
9611
892
5941
6444
5792
1390
9719
8853
5764
6971
4892
5018
6723
9358
973
8928
1437
9511
4596
6115
2689
3144
6044
8145
8786
8844
5634
5476
8117
9950
1653
3092
2610
5921
2459
7565
5135
2420
264
7745
6257
9847
7117
2890
6103
9685
195
5509
6615
2758
8270
2181
5374
8701
9608
1263
9582
3549
2664
7164
4077
604
1188
6561
3420
9258
7839
8523
7418
3529
6591
6489
8110
5650
1197
3925
429
2774
6342
185
1964
3627
8886
8586
4711
6888
8547
5248
3060
6351
6398
5557
9136
459
7576
6073
4330
8517
3832
440
8111
5184
6655
5839
833
4704
8673
5589
9978
8851
3175
1489
9257
5483
2583
6514
4439
5265
9536
3509
8138
9469
7272
1119
6635
6856
9632
379
5116
7077
684
9378
9467
5101
935
3930
142
6064
4575
1022
4981
530
6807
7999
9780
8710
8993
7525
3094
9559
2241
7394
577
7356
8649
5928
9457
506
8506
6500
5689
8127
690
8468
4111
7328
9471
2909
4931
7756
3817
7269
1646
7628
3914
2554
7431
1492
9311
5581
117
6458
6520
1979
5685
2468
9869
1385
6509
4414
9099
3479
2698
6140
9861
5957
8485
10
9322
2935
4520
3307
1678
3110
7093
9885
6839
7833
1601
3791
8146
3252
5091
1081
1302
1332
6224
6555
1723
25
7778
3318
798
67
4090
3444
9967
2520
1397
9994
276
6940
2231
9867
6010
2020
7579
9283
3275
3604
3834
4544
1534
4468
2001
2736
17
1850
6454
5117
1599
6353
6933
9054
7979
5050
7336
8965
4263
9679
272
9703
4965
3042
1645
7853
5181
2169
5772
6502
2980
4148
4577
6924
6620
5606
6825
7545
5978
6394
1920
286
8698
1082
4540
6623
7041
572
6507
608
9079
1568
4926
9027
5703
4869
225
3755
2731
4645
1249
6239
7165
3831
5008
9131
3567
1909
9299
7822
5420
4375
1530
5852
2183
6922
7882
5932
2897
4906
9855
4049
685
8065
8426
6060
961
4504
4444
386
8447
9488
6498
6357
6153
959
734
2817
9464
8624
4836
3517
3494
3261
1423
1972
8420
5274
8282
8519
3017
793
8118
3850
7598
8320
6994
6403
7684
8922
3045
8096
169
8058
3963
6568
6097
4052
8585
1837
939
4483
4611
13
3741
5071
6273
4367
8056
4649
4604
6965
3776
3784
8330
5061
3174
5065
9737
3352
1553
1522
9438
1676
8568
1138
766
7067
6271
3716
6041
6585
8388
4948
3579
2345
538
2841
2783
9405
3277
1187
3422
9853
5206
8996
9070
2882
177
3417
654
6892
3580
8734
4297
2680
3630
2598
8029
6760
1286
4668
8205
8237
1284
4036
6730
3575
2696
5398
4564
9005
5314
9529
9403
5013
3727
7821
4844
4431
361
5633
9581
9577
4172
3616
144
1551
7070
4346
115
724
6843
7655
158
526
9704
5911
1929
5380
9580
2952
3378
2799
4289
2015
6136
8554
2549
4427
8304
2027
3670
3108
3495
9777
6876
8740
5168
7732
3546
9061
9792
671
2146
7526
7766
7387
9751
7671
6243
1719
3551
9064
472
130
6963
8835
182
7734
4307
8193
8826
1003
5732
1948
3588
3780
4465
8078
5513
9223
4248
7450
7190
2458
7679
9779
4868
4231
6582
6184
4310
63
616
7936
2105
49
7463
9419
6348
7263
4605
2326
2370
1015
7265
3324
8833
3196
2732
303
7746
9531
3526
3351
2186
6491
6082
6909
5720
4340
3885
5647
3134
9547
9226
8015
4368
1579
8541
3165
4251
1885
2573
1163
6584
288
5010
7042
6798
8849
4570
6976
2262
4446
4166
5337
9373
4136
7899
6944
1036
1766
7239
9476
2517
471
1934
9654
1765
1490
1833
8269
3999
6991
2987
2424
7749
8803
2315
11
9851
3710
5884
1434
4934
6792
8504
1512
7192
5458
6483
9969
5352
4705
2106
1531
7030
8945
4618
4456
9741
6571
7540
4968
2488
5212
2716
4265
7564
733
3593
9858
6815
2148
4939
8352
7911
5527
1733
3705
5575
8681
6028
1852
8741
6936
162
2268
6361
3248
5123
9203
6180
2336
4697
1720
4895
7530
2200
1346
2630
5543
1830
1865
5705
1971
7000
2621
2216
9495
5657
6809
6133
9942
8730
5723
8779
5284
4607
9749
477
8526
8608
8694
4511
7608
7541
2307
9188
9555
2990
9898
2740
3961
7755
9630
7432
4388
1152
5640
6329
5264
6372
1922
6112
363
1463
7252
4622
3921
7060
8761
5392
411
7939
1789
5804
15
4696
3360
2579
9729
3123
9871
6690
5145
4533
5679
820
8035
5381
8355
6871
1882
8279
9585
3730
3257
2531
5913
5863
1798
45
7428
1577
6937
5351
8648
6505
5216
3756
5621
9389
3856
1234
1764
3253
2730
8584
3554
2150
9633
6539
8315
512
5266
3505
8311
8327
865
2022
656
1292
8902
5029
1451
6038
5315
5651
667
2096
5058
8494
4396
1868
1992
1047
5027
6715
6237
9150
170
723
8834
1606
2711
7823
9066
4896
9541
3135
8404
1260
6616
7407
5749
6617
2496
7765
9017
1829
2857
8162
1191
3821
8141
7538
517
5955
8136
5224
3190
9371
3702
6304
7619
6280
1182
5740
6953
3500
9940
5882
719
2441
8443
9645
8308
5876
8113
2286
624
6214
1654
1787
1520
2126
499
7716
7547
3600
4949
8348
6858
7763
8837
2599
9218
2529
247
5133
8840
6517
613
8867
1718
1192
9342
1558
8467
293
1883
3497
785
698
6126
8444
5917
8070
6598
3234
6886
1647
4990
414
7511
3262
3019
5093
7742
907
7707
3255
1380
3149
6225
7775
5750
6291
8219
7497
6233
4553
5825
4821
2720
4662
6741
5122
7315
9782
7721
7286
4467
178
3242
4074
4888
5756
3797
2374
4788
1114
4899
5436
1810
4735
8707
9982
6416
5105
9778
7416
2643
5526
8910
6076
2110
7417
6579
9683
934
2509
355
7543
388
8662
4512
1795
2265
7181
1357
3122
1208
1102
3370
3624
8393
7885
7597
8461
1407
9877
2202
2382
7032
4768
3511
8263
2482
2982
4360
2045
8841
7941
6305
5777
5414
2707
503
8946
1514
4335
66
1469
7017
9590
2023
4319
9418
8357
6093
4762
8722
3263
5766
5918
673
8128
5087
8486
2328
2133
1892
6358
9956
9325
7666
187
1055
9343
4522
9657
421
7106
9007
8588
3458
9052
1384
2997
823
8676
4171
2329
7028
233
7686
1941
2933
3868
9517
3206
2285
5052
5836
9228
3641
1177
3724
1825
8934
4587
5814
2501
3653
8966
1703
9313
7600
834
6811
9216
795
452
1382
9088
1536
9422
4068
1289
8937
3154
390
6247
5084
3027
7225
6679
9569
2228
2939
9251
2975
6422
7053
6867
1932
302
1466
9074
4152
4284
6209
6824
4857
3977
6183
6908
8414
9089
872
2547
1008
4665
5389
6148
9709
309
819
1871
5610
9614
271
7490
8758
9385
8080
2771
470
3640
2041
6749
277
4548
800
5599
5369
6663
4158
7792
3163
4954
5445
1486
6359
4542
8297
9524
5861
4395
7251
7004
6429
9209
3158
6975
1104
2921
822
2408
6518
8908
7145
8756
6473
1319
1846
3184
6651
9030
6220
3333
5982
7152
7217
5956
1546
8100
7841
8356
7548
7992
7921
7952
4421
7261
4826
5454
1457
4333
8490
3090
9570
6314
8478
598
5463
3156
6692
5671
5990
6541
8281
7082
1845
4840
9992
7224
8891
2179
5995
6998
6823
7630
7055
9828
4581
8685
5487
3625
364
1372
8552
4536
2289
2387
9592
1053
6412
1470
4338
5379
9330
8158
556
3777
7250
9408
8768
6433
6631
1888
5765
3484
2541
3893
2095
8668
1415
2207
5997
5822
315
4947
9979
4713
6506
4042
7840
7253
901
7191
7027
381
8408
5639
8481
4737
5329
7801
5762
4753
563
8265
9730
3443
6526
6646
6261
3644
1732
1904
7280
4392
9364
1337
221
79
6563
960
3126
1916
3030
3498
6814
5298
226
6463
5439
3945
238
3072
2797
5811
1352
721
1389
7874
9720
989
1315
5346
1749
3728
101
5818
7829
5004
6336
3463
7025
2433
8230
8480
1721
5461
9230
3400
5976
6772
3081
1242
6685
743
4744
3703
596
5085
3870
4694
1840
2201
4833
3075
7054
1576
2051
132
7393
6419
3018
5802
4426
4182
75
1738
2079
7214
7092
3615
1271
6249
4929
886
7638
8900
9763
9161
8497
4509
7427
1198
7467
6590
2992
7237
160
265
908
2938
4028
8121
5631
5999
9652
9314
5014
3922
9248
418
7040
5497
4676
5443
2203
9800
3169
9711
4436
3778
8699
1435
6147
3800
1467
1095
9578
3350
3908
6980
1215
8190
821
9537
1838
4153
4130
9910
4014
1172
8407
7997
9725
2974
3560
5551
1113
681
8757
4979
112
3095
7670
273
2061
4118
3656
6746
9069
7667
6664
6927
6462
9526
9076
6812
735
5728
4085
7180
729
4204
6212
3218
301
1306
6322
313
3237
5614
9101
2002
1064
7818
8979
2570
3720
6851
4411
8856
1030
3145
9172
3745
4963
5780
1460
7554
7935
3182
653
4383
9484
2405
9591
6390
4291
1603
9769
3228
4372
347
3749
8456
2197
6921
3721
1124
9647
2833
8069
6885
736
4095
9168
9840
9825
87
7344
3289
6432
3804
8972
1313
2486
8852
3854
6656
3308
2781
8337
2118
5831
6277
3214
3091
6667
1258
3706
5277
2864
9493
8600
8332
3104
8122
9224
8022
8358
202
6128
4128
2533
8473
9668
4113
5632
274
1658
1953
4442
1070
2845
3470
7586
2993
660
3566
3238
5154
3573
5292
1190
5020
3066
8207
6127
3675
4936
4089
2960
683
9242
9308
8351
7171
5080
1094
9624
5140
1261
7604
269
1783
6989
172
5320
6323
4938
205
1575
4563
5390
7482
4501
6144
3859
4797
5208
5885
6795
2238
1350
7176
3911
6958
789
2246
7411
2338
948
4380
5674
6639
1210
251
6227
6674
9628
2259
8053
168
1301
9728
2513
8223
8429
9796
4208
8682
2058
3829
588
5916
8173
4825
2059
3565
3241
884
9562
9603
8399
4528
9461
9557
8959
8819
8373
425
343
8652
1180
3520
6543
8607
9693
9964
1640
5452
9808
7104
5954
3629
620
52
5701
7910
2726
3249
8510
5872
2438
4258
6614
3655
1744
8084
7660
1363
5898
6370
9765
4163
4984
28
2998
8743
8310
3523
9510
1923
9456
889
6111
9056
2395
593
4799
3343
4460
3514
451
8791
5237
9014
2068
5110
2074
2004
2656
4908
1411
9350
9988
8307
2587
5194
1918
3192
2858
2695
1660
9420
7048
2822
1181
7906
3348
8156
5915
7692
5969
6581
2242
2546
5146
6110
2490
2773
2038
4102
3763
2578
1193
5336
7062
5628
7156
8221
4006
4661
9735
6263
3397
2872
9498
4387
2869
5403
6387
4498
8821
2958
2288
9739
4502
5959
8326
6645
5199
3990
4134
9
3334
2119
8829
1775
9928
3857
7869
7645
5986
4942
3020
3725
2066
2432
1493
995
9743
3297
3538
6863
3217
4100
3555
2849
8610
6970
649
1989
5189
4017
4609
3233
5873
9019
6460
7795
2178
7799
3764
2419
3088
5019
7895
2603
7018
6702
1880
1617
4874
9319
2494
59
6866
1100
5227
6722
3955
1322
5006
3648
4394
4011
371
1308
198
1179
6649
6938
3564
7321
8043
2426
1515
1408
9163
7720
937
3816
8951
2879
2222
3688
5821
7788
5773
6420
1616
8457
8606
8687
9669
3160
4889
89
1860
4921
4721
2994
7158
6121
9015
7968
847
3437
2373
432
3951
9712
9132
9943
332
3143
1954
8684
3762
5962
5623
1826
862
8089
4689
9063
652
8529
4982
6739
7354
680
5510
9718
9204
9852
3949
8770
1325
9127
3376
5939
453
9347
1265
4133
6349
2281
5148
2638
7222
5431
1475
6204
2596
6119
4405
9637
7870
7977
8140
5501
8267
8349
5721
5878
2409
7771
1069
3130
3905
2425
6619
2550
9192
1777
1184
7747
9073
1430
4413
1516
3872
441
776
329
561
9864
4106
9707
9199
2379
5753
6531
2006
6691
8292
2511
7355
9275
2560
3960
6706
7642
3892
148
5851
8275
2031
3450
9241
875
3392
7488
2428
9348
5937
5272
657
4927
6475
6641
5996
7791
1563
1149
345
8502
7931
4747
294
2050
1891
9894
5667
5648
2705
374
5744
3082
619
7743
3772
5592
2491
7975
2028
5794
5025
6343
3898
9394
9276
7524
3771
6079
606
7168
3008
1362
1504
3711
2474
3423
8293
1970
3676
2401
2346
4099
1398
1458
7879
963
2042
8809
2943
915
8424
5081
532
2273
6510
3424
2775
4461
3944
4071
3012
9149
8553
1857
6452
2810
9344
7904
9020
6165
8446
5032
6407
8594
5213
7221
3787
21
689
7626
4667
5833
7015
2497
4255
485
9951
2192
4003
7640
7659
6069
2030
3746
7641
7151
1241
3863
4247
4180
3978
6338
3429
3673
918
3603
7678
4774
7199
6612
3436
3080
6666
1203
1238
772
8259
9817
2139
4408
242
1526
7374
9815
9921
914
1293
3172
99
8705
2794
4728
6456
3896
7973
455
6320
5585
9708
3368
6328
8727
9615
7310
7844
8191
5345
8471
3129
1559
6719
9212
1740
6461
4771
7504
8036
4086
547
23
6341
7037
3569
3862
8522
5533
976
3315
554
3658
9268
1862
1695
6630
387
2818
4022
9381
1930
9284
282
368
5517
6098
514
871
5386
9508
9304
8635
3341
467
468
1856
1476
4012
7854
9264
438
8822
163
7264
122
8843
7539
6733
2820
5354
7332
1947
4486
8754
6011
6895
8813
4588
292
8309
4007
7570
1417
7528
826
7964
7238
5763
8771
5942
6799
9535
9868
8264
104
5949
1730
6238
2270
1737
7457
5170
9384
280
6751
8104
5158
9143
3795
1794
4112
8802
7831
7567
4496
456
3933
7738
643
5256
7717
2367
8198
8334
6835
9009
5473
9307
8998
5854
5655
955
3920
9428
3113
5375
1137
7064
977
2551
4546
1223
1129
3634
7752
1063
5609
1614
5126
2507
6865
6681
4063
6440
8525
9483
2863
3097
8597
9259
2232
4766
6878
8163
2244
4529
2791
4823
8836
1140
744
3007
8947
7706
1685
6770
5078
3948
6530
6282
553
260
8012
3346
913
4404
2658
4804
3102
5931
2243
2784
3000
9372
9463
9810
8328
3822
1878
4044
8766
9534
2377
8719
4743
2487
2985
7279
2612
6790
8503
8914
4334
7162
7052
9406
3469
8596
7016
8772
3516
2215
725
6516
6513
9441
4242
4814
6914
2292
5426
4040
2340
7802
5382
1216
306
5869
9648
1339
4205
5049
8493
5003
5902
5719
7440
1044
8381
2489
375
3438
1130
9421
9363
7340
4160
6129
9003
8011
6020
4080
8882
1222
7954
6844
2144
1625
437
7291
4492
864
3671
1612
9687
4120
7061
6493
9584
8323
9272
2503
2634
344
3633
2971
4758
8182
770
7522
2518
2149
7316
7552
8888
7111
7890
9691
4315
186
8702
4121
8192
3528
4386
8521
8341
9528
2021
5914
1478
7285
6102
476
7475
3402
9290
4210
6344
8273
4970
8411
5372
903
6642
8665
8739
525
4692
4589
1981
2135
2537
6974
8943
2060
5710
243
9663
3900
4525
4224
2544
4324
9758
5832
322
802
1456
8266
5494
7546
3089
7867
1533
2519
8418
6393
3693
2128
1742
6497
1226
7633
4122
2299
7884
5530
7473
1161
7211
8068
1600
7661
7132
2887
9306
2625
8451
8546
8915
7915
4194
9341
2447
3298
5425
9128
7005
349
1453
7912
6951
962
846
4150
7523
9337
9105
9478
2959
8386
3882
498
2011
8577
7415
3313
8927
4985
1155
4748
5074
2741
5837
8200
2556
3695
7299
4030
1253
6873
4754
3116
4882
4138
505
6955
8423
3680
1256
1884
9695
2101
4226
7175
8051
9957
2089
4558
2480
7568
6476
5421
2478
929
8559
6172
110
704
480
1517
9480
6161
4441
8957
46
314
9901
1641
1021
730
2
1136
6954
8187
4497
181
4336
4980
533
8656
9156
5290
6253
5468
5279
7601
116
5134
3335
5625
4730
5856
7875
9138
1725
7412
781
4110
7399
6638
5524
5803
8623
8602
3340
4969
1409
5545
2704
4651
1792
2703
3609
8655
3636
2132
2090
4487
969
633
8016
9713
2227
605
8735
3496
8738
3619
2995
9269
8290
4243
796
1387
305
9077
240
423
5419
8917
2469
9686
8095
8150
5301
1950
73
3659
8797
4155
4877
1554
1257
6522
8590
7020
9338
7197
6558
3539
7824
4782
6453
8378
4064
4989
6602
7001
978
9220
2893
2787
4663
6609
3407
6036
2076
7006
2856
2177
5796
8097
4785
1089
8736
569
9675
8231
207
2888
6587
2275
7069
2617
6862
4633
4767
7002
2973
3818
5675
5678
7583
7259
1630
4458
7043
1061
3374
9845
8248
7761
3754
7146
9929
2324
7410
3483
5043
4873
481
8405
5984
3550
9710
3310
7080
2399
5490
6776
2681
906
2161
406
7489
2724
4088
5197
6215
1298
6650
334
9848
5054
4710
5440
2874
8083
3379
5654
7213
7188
7436
668
8637
8186
9727
3704
490
2635
2750
2595
6405
663
3006
2025
4472
2193
7693
2220
3369
9761
1418
7343
2277
4399
994
6113
5193
6625
2389
6269
6250
5300
4507
3953
9919
1160
993
4455
6962
7029
7599
2859
6468
4170
8571
2769
9984
1472
6268
7857
5813
2728
4555
5327
8487
9490
6769
4393
7937
7023
4016
9638
2254
5596
7705
893
6717
6122
9606
944
7949
5401
475
9925
4389
2575
6413
2966
4811
5573
3665
2699
5844
9939
1340
8875
874
2385
7360
3373
5664
9085
2127
3861
2659
1464
7502
2930
6992
5097
6875
2855
4863
8298
6777
2194
3508
5751
9926
7942
708
650
2172
257
8076
3548
4269
9770
4135
4884
5415
3292
8422
1760
8394
5413
4047
3910
6761
816
2446
1680
6176
8545
2957
6375
774
4105
647
7198
8433
6487
1491
9436
1684
9970
7021
2712
9295
5137
8854
6099
6903
2564
7271
1842
8159
1255
2798
9649
9831
4876
8305
768
6409
2814
4313
7938
4417
7926
3152
3026
9254
749
399
7658
5669
5496
3783
5556
1277
4765
1927
246
8398
7650
3189
1957
8250
8543
9335
6404
5693
1038
6207
8672
4600
2393
4561
3835
8172
1080
7396
9479
9829
5593
1847
4114
4832
290
9475
6551
7434
6281
166
61
1336
1864
3610
9715
7423
7625
8955
5617
4230
3744
3487
775
6753
3958
1441
6573
2883
6189
4778
2384
2140
8240
8396
7081
9966
1813
6190
7587
7928
7582
3011
535
3179
6300
7913
9567
9612
3743
5179
2644
8030
1474
6775
1705
863
2907
6495
540
2308
8580
6765
6260
2647
5417
6213
4213
1250
8147
2840
8169
899
1468
3515
3871
9629
539
9170
6904
4475
2831
9145
6589
7361
3884
9539
2343
6699
1572
9961
5062
9140
4756
9860
5447
9971
136
1650
5522
4266
4717
6008
4477
1622
5547
9660
839
105
5692
9689
9934
5858
5977
8678
6536
2008
6379
9764
3267
56
6299
2861
7513
4449
8933
7444
2903
8711
674
6274
8135
9876
6160
9236
7066
4679
3396
1611
6192
5892
2484
7785
4026
1324
8465
4499
5466
8042
2949
8999
3790
8132
3052
3074
7347
8302
3647
4912
8472
4137
8174
2877
351
2713
5620
6067
9972
8166
6932
3582
194
118
321
2804
3193
8301
1900
9883
8726
8660
6915
7342
4690
258
7940
1975
3928
2672
7313
2306
9190
9279
6279
3858
6104
2811
3962
4695
972
949
1452
6978
3148
595
688
8838
6736
1170
165
1958
1034
4132
4614
8072
275
8632
8745
5453
3243
8475
1670
6977
2829
4952
7398
3681
5778
665
9022
4301
4002
8371
6893
3345
8661
6549
2790
6547
3907
1824
304
3302
2122
1101
8788
1004
6125
1507
2648
7353
4364
8170
9097
634
7551
1772
810
9989
6990
407
8131
860
4325
6580
2152
8531
1342
9033
1305
4214
9986
8572
8804
7741
7230
7289
4987
9247
6850
2629
1007
8511
8365
153
7896
1623
9437
2466
7578
5690
6738
9899
3918
8728
9081
1774
5412
7845
4594
1686
3562
295
1750
1388
1118
6745
3543
4580
3527
2700
6996
7459
6848
9018
7348
2078
27
9721
237
2454
3935
8752
7924
1307
8496
5907
430
5565
3389
324
1675
1235
1039
659
6431
1974
2875
9282
817
6560
1479
4807
7241
5171
8382
6872
4560
4935
1245
6369
9300
1659
8050
7793
7748
287
2631
3231
40
8092
3061
3612
3650
2353
8362
5402
3021
7532
9265
9572
4240
6636
2375
7370
8651
5676
8669
318
5531
9010
7704
9594
5095
2352
2166
1246
1108
8563
4072
3679
1858
9031
3283
3111
7218
7049
5090
9634
3353
9600
4669
7172
5755
6107
6310
1839
1228
8448
9516
3973
7955
1134
4995
450
3164
7008
2905
3662
6905
4076
2917
5731
2091
6652
4792
5973
2397
2557
3317
3372
1087
6732
1164
732
3729
8990
7868
1377
769
2668
2072
5311
5972
1711
8774
5308
6999
1165
5041
6504
621
639
571
6275
7736
5864
4037
4822
2614
7819
4004
4920
7305
8954
1565
5757
9110
212
1834
1419
3204
9604
7185
2899
2502
5418
2082
2100
6925
2063
2272
2296
693
284
2444
4198
6303
8189
4419
747
997
4610
3168
5475
4362
7635
1901
7871
365
3733
7317
3903
8390
7971
8842
1318
5191
6540
8781
3028
9823
214
9560
7624
5063
6964
2925
358
1043
5897
1025
9688
8419
8720
5881
9375
2383
7367
2600
5536
6377
2563
2154
6
4937
1045
2252
4524
8562
2572
5891
6331
8184
2253
5934
152
6832
6762
8226
5624
9812
828
6480
8742
716
4237
4303
7139
3404
8063
9287
4059
2168
1796
8792
8317
6669
8306
9904
2590
7184
261
5077
637
3502
6143
2035
3506
9930
9642
1602
5478
3552
4976
587
1818
8059
1353
7452
9811
2889
7891
2785
5539
4195
4816
1446
8260
376
857
2615
4164
9472
125
2657
5492
5185
7558
1465
4601
1012
5157
5147
627
8445
5344
6742
6164
6840
6622
7420
6880
1506
3427
1335
9309
7529
8997
4215
5782
9361
8737
792
4057
2580
5636
2796
5776
6889
1107
7079
1874
4847
7382
8783
150
7209
2539
2793
6181
5936
8839
8324
409
4238
4725
1618
3266
7141
6264
4272
6805
2562
4181
9072
3987
2075
4831
6019
4357
3747
3774
1671
1275
2808
2709
7932
5988
2092
7917
4293
8331
7377
2880
3534
1014
2516
5358
6350
420
7780
9104
5094
841
6021
4571
9854
1383
7800
3185
5479
4285
695
8929
1142
54
9540
4459
7351
9366
2294
2782
7363
6671
7464
8206
9556
174
510
4837
1541
2293
9057
1812
6705
7769
3187
8272
2999
3757
3467
3176
47
1217
1168
7889
2267
2230
1991
6048
4590
645
1359
3786
8718
191
623
2565
1185
3522
5500
7245
873
1762
7098
5259
8006
8303
7012
3674
5220
3788
9305
4262
4
8144
8046
1206
4156
6211
6259
751
2386
3472
8313
9012
5471
5554
7087
7320
3916
3199
6545
3086
2964
138
8696
1757
3159
9795
2828
8123
3288
4288
9549
5031
7283
9941
8892
9601
5349
8300
1121
4585
1550
7179
9866
2309
9767
3235
3651
2086
6838
6063
7636
2263
576
9039
6366
2778
9458
5176
8271
6854
8747
4959
5847
8093
9587
5841
1919
5528
3480
791
5437
2213
8975
2217
8598
3621
6784
7814
3183
926
8220
609
742
2165
599
6367
81
6474
7709
7216
9139
6339
8377
783
6186
5922
5469
5416
664
2156
2876
6891
5190
4174
6813
5332
6080
9512
5951
1836
8942
2618
2173
8964
4534
2257
2739
1808
9838
3115
3079
748
3781
5775
2608
3799
120
2056
5303
1243
6472
4286
5716
1010
975
4659
9058
7571
4212
3382
2848
3751
3403
9650
7148
6670
1413
9887
7298
5378
5317
5904
5089
9303
4812
6565
7293
9051
4854
1225
1782
6471
8257
9222
4893
9239
5207
1392
9746
1497
7837
4451
7433
4126
462
5542
4385
4506
7835
4201
887
298
5182
7907
1949
8116
1986
5451
1899
7593
4897
4143
196
7166
9411
3365
9659
4773
8195
8387
7267
9125
7383
1963
3258
566
8798
5960
3965
4678
5377
5611
3709
3631
8045
9396
8412
5214
5125
2676
6248
3989
1714
7905
6195
3287
2325
4034
5070
7019
8167
4473
2099
9862
3845
5293
9492
19
1696
6900
1189
1581
3714
900
8679
5810
2538
2159
888
6592
6810
5491
8454
7492
5828
8339
5278
1125
7204
6391
6945
2895
756
188
5
6179
6132
9959
3036
6704
9806
3173
8436
6311
2040
5579
3531
1741
2979
7322
8459
9897
1483
7223
439
1450
2632
5890
6308
5044
7506
5983
2505
2358
998
5030
7697
7454
2837
222
8047
8074
5660
7768
5950
2461
4798
3488
9889
5817
2622
1073
7602
4261
5082
1403
2052
9067
2754
8713
8897
5587
1820
8049
5924
5687
3589
6899
6278
6313
895
5449
69
2667
5759
9153
3899
8154
3992
7908
3339
1585
4079
8245
4779
5114
3055
2417
5682
6829
2457
7255
1376
5096
6123
9193
211
877
1632
8238
9936
9207
5741
4672
562
2725
5518
6384
7
5680
6221
1805
2662
941
1887
3076
4424
5059
2553
7212
2722
5688
5871
9561
9164
5211
2813
1761
8544
905
3837
7773
3979
5339
2920
3142
2250
7737
1943
5028
2064
4245
7544
4054
1778
5700
7183
3942
3440
5549
7918
8582
7676
4305
9775
5670
6286
951
3048
3380
6255
5767
7110
1543
6171
5250
5649
9790
9789
7925
836
8885
597
337
7838
5408
3937
3211
3779
4955
3364
3411
5448
8431
4470
3034
2832
4559
9165
4281
2407
7003
771
7559
7943
8133
1773
5124
5406
4515
676
4425
8653
3559
256
283
923
5525
8878
1051
7123
8067
4631
1351
7329
9527
8466
5578
803
1578
8561
4294
266
8560
1759
9819
4751
9146
232
8236
2107
6852
1988
5057
7611
4988
1814
7140
9849
4481
945
135
4279
8359
6088
3426
5718
5047
1370
615
5129
4463
80
4485
9130
5935
1391
7388
853
3268
3760
7596
6993
9841
6066
9233
5343
9888
7115
1033
2467
4620
3390
4318
9112
2239
5974
6013
4545
5925
3109
12
3596
4591
4218
8775
5627
6986
581
5438
1297
6764
4914
2770
340
7196
6131
4940
830
7809
7088
1431
8081
2476
6648
8633
3541
5222
7426
2646
3132
7702
6052
7194
5238
3493
4734
5797
3608
5787
1547
1126
2540
3894
2854
6787
1828
8850
8940
7508
9621
410
2692
8196
9409
3419
2936
9159
6290
8176
8578
8439
5333
1268
8376
630
3966
2450
1699
2366
3571
2236
4885
4627
2037
9814
9714
6365
4883
7425
5961
7116
7376
890
3666
7334
4828
4576
8589
917
9071
6747
5598
2751
7606
3886
7429
3971
2283
2212
311
4801
7304
5967
5512
4625
7113
1679
3598
6075
7534
2053
7617
6402
8284
1031
9875
6931
4342
7735
1065
4032
4827
4531
5102
1247
3678
8968
8469
1085
2124
2679
297
3993
8278
6831
7807
2009
9446
5570
2735
3901
7100
4448
516
974
1784
6632
2083
3765
7656
8054
5460
866
8931
9662
9723
546
2440
8458
968
8721
9635
8704
9194
3029
1598
8581
3416
2418
9331
8213
4312
3812
4583
8749
4652
2000
9023
4001
545
6934
8103
3975
483
7086
8907
2718
2435
1316
6703
8815
2654
1059
6570
8591
403
9893
270
149
3321
1405
5075
8869
444
1982
65
625
6735
1211
2134
6628
5730
5007
5506
9937
2873
9987
1131
5107
8232
2665
1269
5275
5641
7424
4222
7632
9912
4480
2278
5827
2755
7456
9597
6771
394
4603
2360
1259
5576
6301
5173
7953
9151
9834
4033
1272
2005
5562
3451
3769
9813
1636
5987
9656
8824
5247
3421
7445
2800
9997
3445
6363
9042
9354
590
3775
9496
7133
7499
3947
2532
4067
129
3280
757
4081
1083
9095
9451
4326
3259
3465
3941
1993
4065
5282
5294
6026
3851
353
4140
7988
9884
2024
7130
2597
3213
8593
1819
44
9859
3471
2760
8609
1735
8247
2896
6897
8612
3474
2402
2320
55
3246
7798
9386
1438
4527
6734
8037
9321
1700
5567
4082
7923
9302
1644
1291
5233
8460
7403
8944
1771
255
4314
2809
4712
3312
2104
2613
2443
9024
7860
5226
1769
6415
9048
3251
3906
9107
1524
4543
9256
6015
6206
9955
492
5312
710
8949
9379
7790
3161
9620
6988
9370
2164
9414
9231
4706
9434
6423
3718
7573
7072
2361
2642
4428
1079
5051
6634
4087
7262
8261
2121
5067
5577
2210
3691
1629
1276
486
3140
9122
2802
8527
156
4685
14
9548
1998
7725
6017
809
7408
8482
7830
3792
4802
8512
1379
6434
2333
8044
1959
4732
2591
4557
4858
6242
3750
9208
5040
1402
7873
7662
4997
9232
5429
4975
8880
9357
3050
2779
9185
896
1027
6090
912
4192
9328
2846
4879
6808
1394
6285
6557
1290
4516
6818
5966
4634
6345
7331
1110
4345
7712
3428
8343
3100
9281
1567
1167
370
5691
6941
9564
8450
6298
458
6478
9616
6327
5604
1755
2481
6309
4755
3954
3282
9924
72
741
5470
1029
3265
4438
5738
435
3155
7362
2269
4628
4793
4184
8794
7698
9576
189
4488
1936
6062
7439
8932
2313
4703
9320
8153
2163
267
4337
5933
6791
1823
6231
9771
799
4127
382
9355
5840
4225
2452
519
5149
9760
7375
1282
3677
1175
3637
6101
4397
6983
4454
4098
2013
9274
6389
7648
1361
3994
5601
9913
9791
3998
3880
3112
513
8575
5083
7095
5713
9288
7022
8119
4056
6788
4119
1610
78
1230
2768
4332
3649
5805
2627
8930
4347
8564
3841
6574
879
7200
2602
9444
4707
1303
4447
3572
1448
2535
6665
4139
3260
5130
1853
6569
7615
8642
3846
958
3071
9160
121
96
6913
5502
4714
1768
7618
4691
9673
5771
5411
983
5686
2835
7161
7036
4966
3983
6031
8204
3301
7888
2756
8212
9902
7303
328
703
4722
7404
2094
9106
9607
2258
5121
5867
2924
7203
2158
9260
9094
100
3058
6086
7295
8410
6408
6457
7563
720
8716
4183
7631
8034
6947
9646
9793
8616
6720
1381
1682
5480
4159
1869
2951
7205
9797
7219
6508
7560
6935
8363
3623
5243
4918
3057
7797
2368
9783
8322
5109
2456
7553
7277
37
4566
1327
3031
4719
8859
8973
5739
8733
5467
7443
8346
2479
1219
3660
9945
8818
6234
6981
2363
2085
9369
8017
8149
8640
312
1117
5989
8285
1569
2886
1751
2057
6902
6117
4632
5287
4644
4639
4316
2961
6007
6245
8978
9754
7208
199
4595
6618
9465
4866
602
4200
9664
1023
3178
7934
8401
8983
1459
2448
7510
1655
2290
589
5112
4660
5376
3808
2114
8663
4476
4190
6778
1863
6948
3431
2931
3739
754
7960
9785
7243
6503
5341
8638
8507
2508
9799
6448
7880
6194
1707
4309
6208
4008
5520
3607
465
3460
2981
9705
5733
2706
2636
6879
9213
8489
2824
9262
5407
5572
7864
9401
4805
8708
1410
5203
2601
8551
1609
3299
7458
5316
8820
4860
641
3171
6382
6055
2652
4750
6673
71
3988
9114
6002
1432
7892
4162
1951
5850
2097
8033
4466
3798
6780
5848
876
5853
1204
837
4299
7112
4199
3452
1724
3869
6794
3561
2303
5970
8234
9907
1062
5338
9035
6049
6804
3524
9995
2449
378
1018
2885
3503
1127
4178
861
8782
9001
8434
6397
9804
6662
4206
1544
5799
3553
3322
4716
1903
761
1832
4329
9318
6683
4950
2423
5879
5760
5198
1608
2305
4273
8810
9518
523
5668
4000
711
5230
1928
8105
2084
7071
1049
8299
7314
6470
4219
6716
6163
2923
3226
2088
8579
405
9123
7557
97
6025
7228
4894
7352
9909
8982
829
7796
9953
7144
6707
2404
1343
9519
6960
6223
5016
7900
1667
2332
2391
7206
6216
9835
4390
3256
7038
8921
6230
2558
3063
9155
4167
4323
6074
9008
8941
9345
9872
9487
9965
672
1013
6236
9802
2471
7836
9999
3270
1281
6864
9747
8528
2415
9315
4197
9983
8991
5024
8901
7405
2251
750
6821
787
1592
2569
6118
4701
6773
4051
1727
9312
7101
8870
7373
8194
9977
2988
2866
3888
6071
6485
3584
6820
8658
9462
4430
5681
7770
5835
7084
6092
6566
4187
9118
2421
8130
5464
1717
8918
2055
6643
8715
579
5829
9038
4683
7887
5428
9059
9757
3272
1150
940
7441
7634
3039
7169
1334
9206
3860
4928
134
7898
1726
6012
9643
2978
6168
4043
8314
4322
2913
231
1673
213
3876
7758
4123
7929
5353
8462
9596
9243
8087
5442
5446
1224
8913
